image: robo_arp_map.pgm
resolution: 0.05000000074505806
origin: [-9.443936, -9.511403, 0.0]
negate: 0
occupied_thresh: 0.65
free_thresh: 0.196
